0	0	0	0	0
0.002	-0.037115846	-0.036907966	-0.036844482	-0.036827295
0.004	-0.074231693	-0.073815933	-0.073688963	-0.073654589
0.006	-0.111347539	-0.110723899	-0.110533445	-0.110481884
0.008	-0.148463386	-0.147631866	-0.147377926	-0.147309179
0.01	-0.185579232	-0.184539832	-0.184222408	-0.184136473
0.012	-0.222695079	-0.221447798	-0.221066889	-0.220963768
0.014	-0.259810925	-0.258355765	-0.257911371	-0.257791062
0.016	-0.296926772	-0.295263731	-0.294755852	-0.294618357
0.018	-0.334042618	-0.332171698	-0.331600334	-0.331445652
0.02	-0.371158464	-0.369079664	-0.368444815	-0.368272946
0.022	-0.408274311	-0.40598763	-0.405289297	-0.405100241
0.024	-0.445390157	-0.442895597	-0.442133779	-0.441927536
0.026	-0.482506004	-0.479803563	-0.47897826	-0.47875483
0.028	-0.51962185	-0.51671153	-0.515822742	-0.515582125
0.03	-0.556737697	-0.553619496	-0.552667223	-0.55240942
0.032	-0.593853543	-0.590527462	-0.589511705	-0.589236714
0.034	-0.63096939	-0.627435429	-0.626356186	-0.626064009
0.036	-0.668085236	-0.664343395	-0.663200668	-0.662891303
0.038	-0.705201082	-0.701251362	-0.700045149	-0.699718598
0.04	-0.742316929	-0.738159328	-0.736889631	-0.736545893
0.042	-0.779432775	-0.775067294	-0.773734112	-0.773373187
0.044	-0.816548622	-0.811975261	-0.810578594	-0.810200482
0.046	-0.853664468	-0.848883227	-0.847423075	-0.847027777
0.048	-0.890780315	-0.885791194	-0.884267557	-0.883855071
0.05	-0.927896161	-0.92269916	-0.921112039	-0.920682366
0.052	-0.965012008	-0.959607126	-0.95795652	-0.95750966
0.054	-1.002127854	-0.996515093	-0.994801002	-0.994336955
0.056	-1.039243701	-1.033423059	-1.031645483	-1.03116425
0.058	-1.076359547	-1.070331026	-1.068489965	-1.067991544
0.06	-1.113475393	-1.107238992	-1.105334446	-1.104818839
0.062	-1.15059124	-1.144146958	-1.142178928	-1.141646134
0.064	-1.187707086	-1.181054925	-1.179023409	-1.178473428
0.066	-1.224822933	-1.217962891	-1.215867891	-1.215300723
0.068	-1.261938779	-1.254870857	-1.252712372	-1.252128018
0.07	-1.299054626	-1.291778824	-1.289556854	-1.288955312
0.072	-1.336170472	-1.32868679	-1.326401336	-1.325782607
0.074	-1.373286319	-1.365594757	-1.363245817	-1.362609901
0.076	-1.410402165	-1.402502723	-1.400090299	-1.399437196
0.078	-1.447518011	-1.439410689	-1.43693478	-1.436264491
0.08	-1.484633858	-1.476318656	-1.473779262	-1.473091785
0.082	-1.521749704	-1.513226622	-1.510623743	-1.50991908
0.084	-1.558865551	-1.550134589	-1.547468225	-1.546746375
0.086	-1.595981397	-1.587042555	-1.584312706	-1.583573669
0.088	-1.633097244	-1.623950521	-1.621157188	-1.620400964
0.09	-1.67021309	-1.660858488	-1.658001669	-1.657228259
0.092	-1.707328937	-1.697766454	-1.694846151	-1.694055553
0.094	-1.744444783	-1.734674421	-1.731690632	-1.730882848
0.096	-1.781560629	-1.771582387	-1.768535114	-1.767686344
0.098	-1.818676476	-1.808490353	-1.805379596	-1.804464507
0.1	-1.855792322	-1.84539832	-1.842224077	-1.841242306
0.102	-1.892908169	-1.882306286	-1.879068559	-1.878018772
0.104	-1.930024015	-1.919214253	-1.915832925	-1.914762167
0.106	-1.967139862	-1.956122219	-1.95247419	-1.95144902
0.108	-2.004255708	-1.993030185	-1.989113508	-1.988102967
0.11	-2.041371555	-2.029938152	-2.025750909	-2.024747943
0.112	-2.078487401	-2.066846118	-2.062386425	-2.061325729
0.114	-2.115603247	-2.103754085	-2.099020087	-2.097835389
0.116	-2.152719094	-2.140662051	-2.135558416	-2.134281254
0.118	-2.18983494	-2.17717082	-2.17206904	-2.170709412
0.12	-2.226950787	-2.213303164	-2.208484909	-2.207052491
0.122	-2.264066633	-2.249427355	-2.244721022	-2.243325382
0.124	-2.30118248	-2.285543485	-2.280901409	-2.279512477
0.126	-2.338298326	-2.321651647	-2.317052986	-2.315645576
0.128	-2.375414173	-2.357751945	-2.353192346	-2.35168201
0.13	-2.412530019	-2.393844485	-2.389193233	-2.387606632
0.132	-2.449645865	-2.429929381	-2.425158505	-2.423470169
0.134	-2.486761712	-2.46600675	-2.460883141	-2.459240989
0.136	-2.523877558	-2.502076717	-2.496479655	-2.494910234
0.138	-2.560993405	-2.538139411	-2.532033019	-2.530466456
0.14	-2.598109251	-2.574192341	-2.567501467	-2.565935208
0.142	-2.633336572	-2.609965309	-2.602903385	-2.601261902
0.144	-2.667981745	-2.645470243	-2.638161648	-2.636475826
0.146	-2.702608463	-2.68053931	-2.673400375	-2.671573957
0.148	-2.73721689	-2.715252882	-2.708408339	-2.706582021
0.15	-2.771807194	-2.749957468	-2.743297571	-2.741423592
0.152	-2.806379554	-2.784653262	-2.778130735	-2.776175169
0.154	-2.840934151	-2.819340455	-2.812765152	-2.810718772
0.156	-2.875471174	-2.85401924	-2.847204875	-2.845132961
0.158	-2.909990821	-2.888689803	-2.881352177	-2.879458811
0.16	-2.944493292	-2.923352331	-2.915378784	-2.91360226
0.162	-2.978978796	-2.958007006	-2.949394539	-2.94756631
0.164	-3.013447548	-2.992344919	-2.983398117	-2.981418652
0.166	-3.047899766	-3.02557255	-3.01708369	-3.015016989
0.168	-3.082335676	-3.058585921	-3.050635394	-3.048472878
0.17	-3.11675551	-3.091459616	-3.083874945	-3.081815731
0.172	-3.151159502	-3.12431511	-3.116972425	-3.114896494
0.174	-3.185547895	-3.157152798	-3.150050392	-3.147832858
0.176	-3.219920932	-3.189973071	-3.182873319	-3.180508536
0.178	-3.254278864	-3.222751894	-3.21515299	-3.212999414
0.18	-3.288240961	-3.255476213	-3.247328473	-3.245302025
0.182	-3.321155737	-3.288187234	-3.279441319	-3.277375006
0.184	-3.353693159	-3.320587497	-3.311374587	-3.309190443
0.186	-3.384656767	-3.352366841	-3.343077853	-3.340748402
0.188	-3.415592348	-3.383550712	-3.374346011	-3.372116135
0.19	-3.4465004	-3.414429343	-3.405505796	-3.403197161
0.192	-3.477381423	-3.445291683	-3.436557086	-3.433979355
0.194	-3.508235919	-3.476138053	-3.466842788	-3.464498629
0.196	-3.539064391	-3.50696877	-3.49691188	-3.494749374
0.198	-3.569867343	-3.536489237	-3.526931375	-3.524652162
0.2	-3.600645278	-3.565580093	-3.556628531	-3.554206537
0.202	-3.631398699	-3.594634544	-3.585929518	-3.583505839
0.204	-3.662128107	-3.623637149	-3.614903658	-3.612411486
0.206	-3.691157884	-3.652309478	-3.643476475	-3.640877878
0.208	-3.717850134	-3.680887347	-3.671428671	-3.669073573
0.21	-3.744436464	-3.70929053	-3.699224227	-3.696818147
0.212	-3.770856061	-3.736748346	-3.726602292	-3.724064385
0.214	-3.797184149	-3.763449944	-3.753476163	-3.750946777
0.216	-3.823478327	-3.789934464	-3.780042463	-3.777258916
0.218	-3.849739218	-3.816287771	-3.805622245	-3.80314944
0.22	-3.875967434	-3.840980844	-3.830924601	-3.828412256
0.222	-3.902163575	-3.865403855	-3.855777351	-3.853095669
0.224	-3.928328228	-3.889647959	-3.879929977	-3.877145428
0.226	-3.951904183	-3.913417313	-3.903116381	-3.900441519
0.228	-3.973843296	-3.936506197	-3.925610201	-3.922945659
0.23	-3.995741055	-3.958088223	-3.947368443	-3.944492464
0.232	-4.017598322	-3.979243653	-3.967777867	-3.964795628
0.234	-4.038563382	-3.99794323	-3.986631819	-3.983594911
0.236	-4.055879474	-4.015680298	-4.003827097	-4.000601516
0.238	-4.071103022	-4.031949273	-4.019064673	-4.015692886
0.24	-4.085621404	-4.045843062	-4.032474966	-4.028856606
0.242	-4.09944792	-4.05701243	-4.043948135	-4.040089453
0.244	-4.11141036	-4.066128173	-4.053502103	-4.049435435
0.246	-4.120687958	-4.072244333	-4.060910253	-4.056914548
0.248	-4.128230202	-4.077958849	-4.066491724	-4.062562908
0.25	-4.134362049	-4.083061027	-4.071326715	-4.067008963
0.252	-4.139585227	-4.087971945	-4.074945323	-4.070500184
0.254	-4.144188868	-4.092117419	-4.077944904	-4.073393692
0.256	-4.147252796	-4.095452282	-4.080518847	-4.075165229
0.258	-4.149569683	-4.0976765	-4.082919787	-4.074229285
0.26	-4.151869085	-4.099475332	-4.084956599	-4.069100918
0.262	-4.154151243	-4.10089424	-4.086602801	-4.060097598
0.264	-4.156416394	-4.102142488	-4.088123498	-4.047293273
0.266	-4.158664769	-4.103307001	-4.089282326	-4.031234116
0.268	-4.160844361	-4.104388272	-4.090170657	-4.011967662
0.27	-4.162968121	-4.10537224	-4.09069403	-3.989504284
0.272	-4.164926995	-4.106246139	-4.091097499	-3.963524471
0.274	-4.166283803	-4.107043474	-4.091276214	-3.93442264
0.276	-4.166391736	-4.107794579	-4.091358352	-3.902349055
0.278	-4.166354818	-4.108202646	-4.091331513	-3.867255261
0.28	-4.166296864	-4.108541451	-4.091106981	-3.828852936
0.282	-4.166218188	-4.108850331	-4.090659325	-3.787692976
0.284	-4.166119098	-4.109136589	-4.090048997	-3.743882336
0.286	-4.165999893	-4.109390993	-4.089222064	-3.697468934
0.288	-4.16586087	-4.109610666	-4.088089084	-3.64858879
0.29	-4.165702316	-4.109808378	-4.086372207	-3.596897166
0.292	-4.165524516	-4.109969087	-4.08403267	-3.54302278
0.294	-4.165327747	-4.110090188	-4.081135347	-3.487148848
0.296	-4.165112281	-4.10998846	-4.077684673	-3.449048438
0.298	-4.164878386	-4.109706185	-4.07375028	-3.401404015
0.3	-4.164626322	-4.109393407	-4.069278754	-3.367552023
0.302	-4.164356347	-4.109043573	-4.064157545	-3.334273851
0.304	-4.164068713	-4.108672239	-4.058619479	-3.296372674
0.306	-4.163763665	-4.108279199	-4.052763793	-3.263860467
0.308	-4.163441446	-4.107864226	-4.046613058	-3.228194055
0.31	-4.163102294	-4.10741381	-4.040186239	-3.197836542
0.312	-4.162746441	-4.106934309	-4.033500283	-3.163300003
0.314	-4.162374115	-4.106433433	-4.026490097	-3.132263429
0.316	-4.161985541	-4.105910876	-4.019201231	-3.099304939
0.318	-4.161580938	-4.105366305	-4.011573626	-3.069691047
0.32	-4.161160522	-4.104798411	-4.003719405	-3.037899354
0.322	-4.160721777	-4.104206948	-3.995649012	-3.005038446
0.324	-4.160259432	-4.103592413	-3.987372135	-2.975727982
0.326	-4.159782282	-4.102801254	-3.978897618	-2.943566222
0.328	-4.159290518	-4.101607857	-3.97020513	-2.914334467
0.33	-4.158784326	-4.100379102	-3.961220635	-2.882646574
0.332	-4.158263891	-4.099114109	-3.952053395	-2.849844229
0.334	-4.15772939	-4.09781192	-3.942568074	-2.819774113
0.336	-4.157181001	-4.096470289	-3.932874779	-2.787262129
0.338	-4.156618897	-4.095089508	-3.923008164	-2.756823529
0.34	-4.156043246	-4.093668359	-3.912974959	-2.724605112
0.342	-4.155454214	-4.092205521	-3.902781585	-2.691452541
0.344	-4.154851966	-4.090699566	-3.892433997	-2.660135286
0.346	-4.154236659	-4.089148945	-3.881937799	-2.627419845
0.348	-4.153608452	-4.087551981	-3.871163622	-2.595038978
0.35	-4.152967497	-4.085906845	-3.860115459	-2.563766395
0.352	-4.152313945	-4.084211519	-3.84891791	-2.531009856
0.354	-4.151647944	-4.082463977	-3.8372856	-2.497684927
0.356	-4.150969638	-4.080661897	-3.825353689	-2.467240001
0.358	-4.150279169	-4.078802755	-3.813249138	-2.434879985
0.36	-4.149576105	-4.076883803	-3.800975767	-2.404652733
0.362	-4.148858408	-4.074902095	-3.788537056	-2.373366782
0.364	-4.148129069	-4.07285459	-3.775936296	-2.341781924
0.366	-4.147388215	-4.070738083	-3.763176593	-2.310975087
0.368	-4.146635973	-4.068549127	-3.750260816	-2.281379526
0.37	-4.145872465	-4.066284409	-3.73719168	-2.250792978
0.372	-4.145097813	-4.06394116	-3.723971756	-2.222518814
0.374	-4.144312133	-4.06151683	-3.710603459	-2.193232392
0.376	-4.143515542	-4.059009087	-3.697089082	-2.163818361
0.378	-4.142708154	-4.05641828	-3.683430752	-2.135161937
0.38	-4.141890079	-4.053746543	-3.669630414	-2.107695133
0.382	-4.141061426	-4.050996009	-3.655689919	-2.079497682
0.384	-4.140222302	-4.048168844	-3.641611014	-2.053183283
0.386	-4.139372811	-4.045267418	-3.627395301	-2.026286768
0.388	-4.138513054	-4.042294161	-3.613044232	-1.999331333
0.39	-4.137643133	-4.03925134	-3.598559141	-1.972322684
0.392	-4.136763145	-4.036141081	-3.583941322	-1.947569438
0.394	-4.135873186	-4.032965425	-3.569192052	-1.921821839
0.396	-4.134973349	-4.029726263	-3.554312573	-1.896714774
0.398	-4.134063727	-4.026425401	-3.539304044	-1.872742264
0.4	-4.133144408	-4.023064616	-3.524167524	-1.848182759
0.402	-4.132215482	-4.019645561	-3.508904072	-1.823595758
0.404	-4.131277034	-4.016169819	-3.493514682	-1.800440256
0.406	-4.130329148	-4.012638885	-3.478000294	-1.777023582
0.408	-4.129371906	-4.009054179	-3.462361862	-1.753586591
0.41	-4.128405389	-4.005417061	-3.446600298	-1.731758699
0.412	-4.127429676	-4.001728801	-3.433997237	-1.709453014
0.414	-4.126444843	-3.997990587	-3.420744642	-1.687131658
0.416	-4.125450967	-3.99420352	-3.407377254	-1.664794562
0.418	-4.124448119	-3.990368614	-3.393895734	-1.644139908
0.42	-4.123436373	-3.986486811	-3.380300667	-1.622887876
0.422	-4.122415799	-3.982558992	-3.366592665	-1.601616283
0.424	-4.121386465	-3.978585974	-3.352772354	-1.582110725
0.426	-4.120348438	-3.974568529	-3.338840321	-1.561889976
0.428	-4.119301784	-3.970507433	-3.324797176	-1.541660001
0.43	-4.118246568	-3.966403479	-3.310643522	-1.521421356
0.432	-4.117182851	-3.962257411	-3.296379969	-1.502916269
0.434	-4.116110695	-3.958069954	-3.282007161	-1.483674847
0.436	-4.115030159	-3.953841816	-3.267525833	-1.464425437
0.438	-4.113941303	-3.949573673	-3.252936748	-1.446931903
0.44	-4.112842766	-3.945266157	-3.238240652	-1.428653945
0.442	-4.111735852	-3.940919865	-3.227327058	-1.410369996
0.444	-4.11062087	-3.93653536	-3.214476933	-1.392080397
0.446	-4.109497872	-3.932113175	-3.201525318	-1.375443207
0.448	-4.108366908	-3.927653829	-3.18847304	-1.358078143
0.45	-4.107228027	-3.923157827	-3.175320791	-1.3407083
0.452	-4.106081276	-3.918625658	-3.162049299	-1.324969164
0.454	-4.104926702	-3.914057783	-3.148680101	-1.308496386
0.456	-4.103764349	-3.909454643	-3.135214366	-1.29201231
0.458	-4.102594262	-3.904816657	-3.121653289	-1.275524155
0.46	-4.101416484	-3.900144222	-3.107998136	-1.260515942
0.462	-4.100231056	-3.89543772	-3.096357993	-1.244882242
0.464	-4.099038018	-3.890697531	-3.084224028	-1.229245037
0.466	-4.097837411	-3.885924039	-3.07198799	-1.215046391
0.468	-4.096629273	-3.881117608	-3.059643291	-1.200245062
0.47	-4.095413641	-3.876278597	-3.047213841	-1.185438604
0.472	-4.094190552	-3.871407355	-3.034701211	-1.170629243
0.474	-4.092960041	-3.866504213	-3.022106911	-1.157081318
0.476	-4.091722142	-3.8615695	-3.009432461	-1.143068616
0.478	-4.09047689	-3.856603531	-2.996679371	-1.129053194
0.48	-4.089224316	-3.851606606	-2.983849118	-1.116222301
0.482	-4.087964452	-3.846579016	-2.970943167	-1.102983286
0.484	-4.086697329	-3.841521035	-2.957962968	-1.089741949
0.486	-4.085422977	-3.836432928	-2.944909927	-1.076498378
0.488	-4.084141424	-3.831314948	-2.931785455	-1.064241389
0.49	-4.082852698	-3.82616734	-2.91859101	-1.051740863
0.492	-4.081556827	-3.820990356	-2.905328035	-1.03923833
0.494	-4.080253837	-3.815784247	-2.894455991	-1.02763191
0.496	-4.078943753	-3.810549255	-2.882495663	-1.015853076
0.498	-4.077626599	-3.80528562	-2.870472067	-1.004064397
0.5	-4.076302401	-3.799993571	-2.858386528	-0.992273186
0.502	-4.074971181	-3.79467333	-2.846240369	-0.980832722
0.504	-4.07363296	-3.789325107	-2.834034882	-0.970069444
0.506	-4.072287762	-3.783949105	-2.821771319	-0.958965811
0.508	-4.070935605	-3.778545518	-2.809450897	-0.947860503
0.51	-4.069576512	-3.773114543	-2.797074584	-0.938033691
0.512	-4.0682105	-3.767656386	-2.784619307	-0.927611763
0.514	-4.066837589	-3.762171256	-2.772110605	-0.917188209
0.516	-4.065457796	-3.756659356	-2.760330577	-0.906760881
0.518	-4.064071139	-3.751120882	-2.749440628	-0.89737074
0.52	-4.062677634	-3.745556026	-2.738056557	-0.887588836
0.522	-4.061277298	-3.739964976	-2.726624582	-0.877805322
0.524	-4.059870145	-3.734347914	-2.715145855	-0.868939244
0.526	-4.05845619	-3.728705012	-2.703621504	-0.859786691
0.528	-4.057035447	-3.723036441	-2.692052629	-0.850632433
0.53	-4.055607929	-3.717342372	-2.680440287	-0.841476507
0.532	-4.05417365	-3.711622967	-2.668785495	-0.833020597
0.534	-4.052732622	-3.705878388	-2.657089234	-0.824473322
0.536	-4.051284855	-3.700108785	-2.645352462	-0.815924431
0.538	-4.049830361	-3.694314313	-2.633576168	-0.807681661
0.54	-4.048369151	-3.688495122	-2.621761345	-0.800011789
0.542	-4.046901234	-3.682651366	-2.609908947	-0.792063116
0.544	-4.04542662	-3.676783205	-2.59801991	-0.784112252
0.546	-4.043945318	-3.670890797	-2.586095165	-0.776158205
0.548	-4.042457335	-3.664974295	-2.574135632	-0.769151859
0.55	-4.04096268	-3.659033848	-2.563060958	-0.761768023
0.552	-4.039461359	-3.653069602	-2.552680691	-0.754382628
0.554	-4.03795338	-3.647081701	-2.541738975	-0.747818277
0.556	-4.036438748	-3.641070296	-2.530766492	-0.740992768
0.558	-4.03491747	-3.635035548	-2.519764078	-0.734164392
0.56	-4.033389551	-3.628977616	-2.508732554	-0.727326227
0.562	-4.031854994	-3.622896657	-2.497672705	-0.721097805
0.564	-4.030313806	-3.61679282	-2.486585287	-0.714795493
0.566	-4.028765989	-3.610666255	-2.475471045	-0.708491701
0.568	-4.027211547	-3.604517114	-2.464330709	-0.702186447
0.57	-4.025650482	-3.598345551	-2.453149335	-0.696911184
0.572	-4.024082798	-3.592151716	-2.441939724	-0.691137995
0.574	-4.022508496	-3.585935758	-2.43070602	-0.685363259
0.576	-4.020927578	-3.579697827	-2.421163548	-0.679587088
0.578	-4.019340046	-3.57343807	-2.410903172	-0.674624452
0.58	-4.017745899	-3.567156635	-2.400621016	-0.669351335
0.582	-4.016145139	-3.560853675	-2.390317821	-0.664076794
0.584	-4.014537765	-3.554529342	-2.379994259	-0.659502099
0.586	-4.012923777	-3.548183789	-2.36965095	-0.654723482
0.588	-4.011303176	-3.541817169	-2.359288482	-0.649942585
0.59	-4.009675961	-3.535429632	-2.348907415	-0.645157929
0.592	-4.008042132	-3.52902133	-2.338508282	-0.640889892
0.594	-4.006401689	-3.522592411	-2.328091599	-0.636574369
0.596	-4.004754631	-3.516143021	-2.317657858	-0.632256956
0.598	-4.003100964	-3.509673304	-2.307207534	-0.627938249
0.6	-4.001440701	-3.503183404	-2.296741083	-0.624516449
0.602	-3.999773854	-3.496673461	-2.286258944	-0.620664411
0.604	-3.998100436	-3.490143616	-2.275761541	-0.616811012
0.606	-3.996420455	-3.483594007	-2.265249281	-0.612951806
0.608	-3.994733921	-3.47702477	-2.254722555	-0.609803911
0.61	-3.993040843	-3.470436042	-2.244851536	-0.606378088
0.612	-3.991341228	-3.463827962	-2.23548368	-0.60295042
0.614	-3.989635085	-3.457200676	-2.225825318	-0.60014434
0.616	-3.987922418	-3.450554326	-2.216154107	-0.597157282
0.618	-3.986203234	-3.443889051	-2.206470422	-0.594167857
0.62	-3.984477538	-3.43720499	-2.196774605	-0.591175945
0.622	-3.982745333	-3.430502276	-2.187066979	-0.588669168
0.624	-3.981006625	-3.423781044	-2.177347853	-0.586090388
0.626	-3.979261416	-3.417041422	-2.16761753	-0.583509349
0.628	-3.977509709	-3.410283541	-2.157876312	-0.581148906
0.63	-3.975751507	-3.403507526	-2.148124489	-0.579174795
0.632	-3.973986812	-3.396713504	-2.138362341	-0.576991585
0.634	-3.972215625	-3.389901598	-2.12858451	-0.574801071
0.636	-3.97043795	-3.383071934	-2.118789878	-0.572608861
0.638	-3.968653787	-3.376224633	-2.110139877	-0.571132301
0.64	-3.966863137	-3.369359816	-2.10118245	-0.569323915
0.642	-3.965066001	-3.3624776	-2.092215599	-0.567512329
0.644	-3.963262377	-3.355578104	-2.083239732	-0.566344159
0.646	-3.961452268	-3.348661441	-2.074255156	-0.564915921
0.648	-3.959635671	-3.341727725	-2.065262128	-0.563485661
0.65	-3.957812587	-3.334777068	-2.056260875	-0.562053767
0.652	-3.955983014	-3.32780958	-2.047251605	-0.56118829
0.654	-3.954146952	-3.32082537	-2.038234513	-0.560115128
0.656	-3.952304398	-3.313824546	-2.029209786	-0.559039116
0.658	-3.950455351	-3.30785797	-2.020177602	-0.558514168
0.66	-3.948599808	-3.303206928	-2.011138131	-0.557793011
0.662	-3.946737766	-3.297852542	-2.002091543	-0.557067162
0.664	-3.944869223	-3.292481577	-1.993038011	-0.556333542
0.666	-3.942994176	-3.287094329	-1.983977699	-0.556110778
0.668	-3.94111262	-3.281691032	-1.974910769	-0.55570483
0.67	-3.939224553	-3.276271878	-1.965837377	-0.555292269
0.672	-3.937329974	-3.270837032	-1.956757673	-0.555367074
0.674	-3.935428881	-3.265386645	-1.947661981	-0.555287122
0.676	-3.933521271	-3.259920854	-1.939627621	-0.555205375
0.678	-3.93160714	-3.254439787	-1.931289314	-0.5551219
0.68	-3.929686487	-3.248943566	-1.922944963	-0.555549361
0.682	-3.927759308	-3.243432307	-1.91459478	-0.555772504
0.684	-3.925825599	-3.237906122	-1.906238918	-0.555993793
0.686	-3.923885357	-3.232365118	-1.897877511	-0.556756528
0.688	-3.921938576	-3.226809401	-1.889510677	-0.557275937
0.69	-3.919985254	-3.221239073	-1.881138534	-0.55779357
0.692	-3.918025384	-3.215654235	-1.872761198	-0.558637912
0.694	-3.916058963	-3.210054989	-1.864378133	-0.559696712
0.696	-3.914085985	-3.204441432	-1.855980521	-0.560641872
0.698	-3.912106446	-3.198813662	-1.847577909	-0.561814867
0.7	-3.910120339	-3.193171774	-1.839170395	-0.56313071
0.702	-3.908127659	-3.18751586	-1.830758078	-0.564333969
0.704	-3.9061284	-3.181846013	-1.82234105	-0.565709592
0.706	-3.904122555	-3.176162322	-1.815316163	-0.56703346
0.708	-3.90211012	-3.170464876	-1.807622454	-0.568355578
0.71	-3.900091086	-3.164753763	-1.799924093	-0.569675859
0.712	-3.898065448	-3.159029068	-1.792221282	-0.570992427
0.714	-3.896033198	-3.153290877	-1.78451417	-0.572305849
0.716	-3.893994331	-3.147539273	-1.776802875	-0.573617759
0.718	-3.891948837	-3.141774339	-1.769087495	-0.574928166
0.72	-3.889896711	-3.135996156	-1.761368116	-0.576231008
0.722	-3.887837944	-3.13020481	-1.753644816	-0.57752754
0.724	-3.88577253	-3.12440039	-1.745917668	-0.578817881
0.726	-3.883700459	-3.118582985	-1.738186741	-0.580105993
0.728	-3.881621725	-3.112752681	-1.730450878	-0.581392267
0.73	-3.879536319	-3.106909565	-1.722709919	-0.582676849
0.732	-3.877444232	-3.101053722	-1.714965407	-0.583959747
0.734	-3.875345457	-3.095185236	-1.7072174	-0.585240909
0.736	-3.873239985	-3.089304189	-1.699465955	-0.586519935
0.738	-3.871127806	-3.083410664	-1.691711127	-0.587797313
0.74	-3.869008913	-3.077504741	-1.683952972	-0.589069481
0.742	-3.866883297	-3.0715865	-1.6761862	-0.590338884
0.744	-3.864750948	-3.065656021	-1.669250044	-0.591594143
0.746	-3.862611857	-3.059713382	-1.662143302	-0.592842035
0.748	-3.860466014	-3.053758659	-1.655033287	-0.594087718
0.75	-3.858313411	-3.047791929	-1.647920173	-0.595330094
0.752	-3.856154037	-3.041813268	-1.640804061	-0.596568605
0.754	-3.853987884	-3.03582275	-1.63368502	-0.597805037
0.756	-3.85181494	-3.029820449	-1.626563105	-0.599038492
0.758	-3.849635197	-3.023806438	-1.619438362	-0.600269379
0.76	-3.847448644	-3.017780789	-1.612310836	-0.601498126
0.762	-3.845255271	-3.011743573	-1.605180568	-0.602724666
0.764	-3.843055068	-3.005694863	-1.598047599	-0.603949148
0.766	-3.840848024	-2.999634736	-1.590911968	-0.605171525
0.768	-3.838634129	-2.99356327	-1.583773712	-0.606391567
0.77	-3.836413373	-2.987480544	-1.576632868	-0.607609546
0.772	-3.834185744	-2.981386635	-1.569489471	-0.608825242
0.774	-3.831951232	-2.975281618	-1.563237339	-0.610037598
0.776	-3.829709826	-2.969165569	-1.556729912	-0.611247906
0.778	-3.827461515	-2.963038563	-1.550219449	-0.612455263
0.78	-3.825206289	-2.956900673	-1.543706254	-0.613653851
0.782	-3.822944135	-2.950751972	-1.537190502	-0.614850129
0.784	-3.820675042	-2.944592532	-1.530672306	-0.61603657
0.786	-3.818399	-2.938422426	-1.524151746	-0.617220773
0.788	-3.816115997	-2.932241726	-1.517628881	-0.61840273
0.79	-3.813826021	-2.926050503	-1.511103758	-0.619582266
0.792	-3.811529061	-2.919848829	-1.504576416	-0.620759153
0.794	-3.809225105	-2.913636771	-1.49804689	-0.621933453
0.796	-3.806914141	-2.9074144	-1.491515211	-0.623105101
0.798	-3.804596158	-2.901181785	-1.484981407	-0.624273919
0.8	-3.802271144	-2.895680266	-1.478445507	-0.625440481
0.802	-3.799939086	-2.891025098	-1.471907537	-0.626604777
0.804	-3.797599972	-2.885944997	-1.465367521	-0.627766793
0.806	-3.795253791	-2.880854378	-1.45882514	-0.628926519
0.808	-3.792900531	-2.875753484	-1.452273193	-0.630083544
0.81	-3.790540178	-2.8706425	-1.445719159	-0.631238097
0.812	-3.788172721	-2.865521578	-1.439163058	-0.632390259
0.814	-3.785798147	-2.860390845	-1.433378799	-0.633540029
0.816	-3.783416444	-2.85525041	-1.42740364	-0.63468746
0.818	-3.7810276	-2.850100372	-1.421426246	-0.635831492
0.82	-3.7786316	-2.844940824	-1.41544678	-0.636972995
0.822	-3.776228434	-2.839771857	-1.409465325	-0.638110246
0.824	-3.773818088	-2.834593553	-1.403481931	-0.639244246
0.826	-3.77140055	-2.829405994	-1.397496629	-0.640372651
0.828	-3.768975806	-2.824209257	-1.391508289	-0.641498791
0.83	-3.766543844	-2.819003417	-1.385515387	-0.642622656
0.832	-3.76410465	-2.813788548	-1.379520675	-0.643743526
0.834	-3.761658213	-2.808564721	-1.373524172	-0.64485354
0.836	-3.759204518	-2.803332004	-1.367525898	-0.645958455
0.838	-3.756743553	-2.798090466	-1.36152587	-0.647060695
0.84	-3.754275305	-2.792840173	-1.355524107	-0.648160235
0.842	-3.751799763	-2.787581191	-1.349520627	-0.64925705
0.844	-3.749316925	-2.782313585	-1.343967997	-0.650349718
0.846	-3.746826786	-2.777037417	-1.338767878	-0.651438652
0.848	-3.744329343	-2.771752751	-1.333329533	-0.652524757
0.85	-3.74182459	-2.766459648	-1.327889108	-0.653608104
0.852	-3.739312525	-2.761158174	-1.322446781	-0.654688666
0.854	-3.736793142	-2.755848397	-1.317002668	-0.655764095
0.856	-3.734266439	-2.750530385	-1.311556851	-0.656834867
0.858	-3.73173241	-2.745204205	-1.306104913	-0.657900801
0.86	-3.729191055	-2.739869923	-1.300651286	-0.658949462
0.862	-3.726642374	-2.734527603	-1.29519611	-0.659987633
0.864	-3.724086371	-2.729177311	-1.289739413	-0.661021897
0.866	-3.721523048	-2.723819109	-1.284281219	-0.662052087
0.868	-3.718952406	-2.718453062	-1.278821547	-0.663078174
0.87	-3.716374447	-2.71307923	-1.273360417	-0.664099982
0.872	-3.713789173	-2.707697675	-1.267897845	-0.665117318
0.874	-3.711196587	-2.702308458	-1.262433846	-0.666127531
0.876	-3.70859669	-2.696911639	-1.256968436	-0.667133426
0.878	-3.705989484	-2.691507277	-1.251501628	-0.668134898
0.88	-3.703374972	-2.686095431	-1.246033436	-0.669131835
0.882	-3.700753154	-2.680676158	-1.240563873	-0.670124118
0.884	-3.698124032	-2.675249516	-1.235397007	-0.67111162
0.886	-3.69548761	-2.669815564	-1.2305872	-0.672094207
0.888	-3.692843888	-2.664374366	-1.225634351	-0.673071588
0.89	-3.690192869	-2.658925989	-1.220679979	-0.674042961
0.892	-3.687534554	-2.653470498	-1.215724205	-0.675008544
0.894	-3.684868946	-2.648007959	-1.210767095	-0.67596857
0.896	-3.682196046	-2.642538437	-1.205808686	-0.676923035
0.898	-3.679515856	-2.637062002	-1.200849002	-0.67787175
0.9	-3.67682838	-2.631578722	-1.19588806	-0.678814496
0.902	-3.674133617	-2.626088665	-1.190925874	-0.679742213
0.904	-3.671431572	-2.620591901	-1.185962455	-0.680658868
0.906	-3.668722245	-2.615676966	-1.180997813	-0.681567554
0.908	-3.666005639	-2.611627102	-1.176031959	-0.682468277
0.91	-3.663281757	-2.607096027	-1.171064902	-0.683360734
0.912	-3.660550599	-2.602557668	-1.166096651	-0.684244539
0.914	-3.65781217	-2.598012229	-1.161397574	-0.685119239
0.916	-3.65506647	-2.59345988	-1.156688353	-0.685984344
0.918	-3.652313503	-2.588900767	-1.152482051	-0.686839307
0.92	-3.64955327	-2.584335017	-1.148024424	-0.687683554
0.922	-3.646785775	-2.57976275	-1.143565169	-0.68851648
0.924	-3.644011019	-2.575184071	-1.139104454	-0.689337413
0.926	-3.641229006	-2.570599081	-1.134642391	-0.690145626
0.928	-3.638439736	-2.566007874	-1.13017906	-0.690940345
0.93	-3.635643215	-2.561410539	-1.125714514	-0.691720744
0.932	-3.632839443	-2.556807159	-1.121248795	-0.692485965
0.934	-3.630028424	-2.552197816	-1.116779833	-0.693235124
0.936	-3.62721016	-2.547582586	-1.112309189	-0.693966799
0.938	-3.624384654	-2.542961544	-1.107836014	-0.694646414
0.94	-3.621551909	-2.53833476	-1.103352464	-0.695304557
0.942	-3.618711933	-2.533702304	-1.098867725	-0.696159751
0.944	-3.615864734	-2.529064243	-1.094381809	-0.69713907
0.946	-3.61301032	-2.524420643	-1.089894724	-0.6980368
0.948	-3.610148702	-2.519771568	-1.085406476	-0.698928381
0.95	-3.607279888	-2.515117079	-1.080917073	-0.699814431
0.952	-3.604403886	-2.510457237	-1.07642652	-0.700688642
0.954	-3.601520706	-2.505792099	-1.071934822	-0.701533662
0.956	-3.598630357	-2.501121724	-1.06778238	-0.702371448
0.958	-3.595732849	-2.496446167	-1.06387314	-0.703182967
0.96	-3.592828189	-2.491765481	-1.05984756	-0.703980743
0.962	-3.589916388	-2.48707972	-1.055820593	-0.704768983
0.964	-3.586997455	-2.482388935	-1.051792369	-0.705547171
0.966	-3.584071398	-2.477693178	-1.047762958	-0.706315422
0.968	-3.581138228	-2.472992498	-1.043731298	-0.707073431
0.97	-3.578197953	-2.468286944	-1.039693191	-0.707820887
0.972	-3.575250583	-2.463576563	-1.035653295	-0.708557482
0.974	-3.572296128	-2.458861402	-1.031612326	-0.709282911
0.976	-3.569334597	-2.454141507	-1.027570293	-0.709996879
0.978	-3.566365999	-2.449416924	-1.023527203	-0.710699126
0.98	-3.563390344	-2.444687697	-1.019483061	-0.71138945
0.982	-3.560407642	-2.439953871	-1.015437872	-0.712067806
0.984	-3.557417902	-2.43521549	-1.01139164	-0.71271527
0.986	-3.554421134	-2.430465401	-1.007598105	-0.713326521
0.988	-3.551417348	-2.425708897	-1.003787584	-0.713921208
0.99	-3.548406554	-2.420947957	-1.000328527	-0.71475431
0.992	-3.545388761	-2.41618263	-0.996747806	-0.715654763
0.994	-3.54236398	-2.411412959	-0.993165296	-0.716474402
0.996	-3.53933222	-2.406638988	-0.989578198	-0.71728794
0.998	-3.536293491	-2.401860759	-0.985975241	-0.718095848
1	-3.533247805	-2.397078313	-0.982364287	-0.718898517
