0	0	0	0	0	0
0.01	-0.189998234	-0.189622899	-0.189496316	-0.189458234	-0.189447852
0.02	-0.379996469	-0.379245798	-0.378992632	-0.378916468	-0.378895705
0.03	-0.569994703	-0.568868698	-0.568488948	-0.568374702	-0.568343557
0.04	-0.759992938	-0.758491597	-0.757985264	-0.757832936	-0.757791409
0.05	-0.949991172	-0.948114496	-0.947481581	-0.94729117	-0.947239261
0.06	-1.139989406	-1.137737395	-1.136977897	-1.136749404	-1.136687114
0.07	-1.329987641	-1.327360294	-1.326474213	-1.326207638	-1.326134966
0.08	-1.519985875	-1.516983193	-1.515970529	-1.515665872	-1.515582818
0.09	-1.709984109	-1.706606093	-1.705466845	-1.705124106	-1.70503067
0.1	-1.899982344	-1.896228992	-1.894963161	-1.89458234	-1.894478523
0.11	-2.089980578	-2.085851891	-2.084459477	-2.084040574	-2.083926375
0.12	-2.279978813	-2.27547479	-2.273955793	-2.273498808	-2.273374227
0.13	-2.469977047	-2.465097689	-2.46345211	-2.462957042	-2.46282208
0.14	-2.659975281	-2.654720589	-2.652948426	-2.652415276	-2.65226172
0.15	-2.849973516	-2.844343488	-2.842310876	-2.841635351	-2.841447836
0.16	-3.03997175	-3.033406913	-3.030974679	-3.030179894	-3.029963762
0.17	-3.229969984	-3.221283294	-3.21846861	-3.217591756	-3.217356159
0.18	-3.416307054	-3.407556425	-3.404232577	-3.403290356	-3.403036187
0.19	-3.601338745	-3.591011582	-3.587565314	-3.586425127	-3.586135159
0.2	-3.784545934	-3.771078683	-3.766933	-3.765790102	-3.765505081
0.21	-3.959066585	-3.945397227	-3.94117588	-3.939915976	-3.939605435
0.22	-4.127519701	-4.112684454	-4.107687981	-4.106385251	-4.10605173
0.23	-4.285841999	-4.267976188	-4.262527187	-4.261076301	-4.260693514
0.24	-4.425696764	-4.402587391	-4.396290027	-4.394570958	-4.394117358
0.25	-4.524606004	-4.492915949	-4.484475089	-4.482236072	-4.481677606
0.26	-4.596225578	-4.561969062	-4.552740188	-4.550290664	-4.549659718
0.27	-4.646892284	-4.616782051	-4.608557188	-4.606306932	-4.605725004
0.28	-4.686626581	-4.659738601	-4.651763849	-4.64963778	-4.649087012
0.29	-4.719965643	-4.694445419	-4.686924456	-4.684867891	-4.684341031
0.3	-4.745194046	-4.722004257	-4.714941377	-4.713074225	-4.71258434
0.31	-4.763073728	-4.742897992	-4.736542564	-4.73481337	-4.734362081
0.32	-4.773313018	-4.757038192	-4.75162239	-4.750112321	-4.749712037
0.33	-4.776058814	-4.764503242	-4.759999515	-4.758731606	-4.758389465
0.34	-4.77698181	-4.768125997	-4.764256528	-4.763164895	-4.762854074
0.35	-4.777811236	-4.769994431	-4.766385603	-4.765347397	-4.765060435
0.36	-4.778154932	-4.770306017	-4.767006824	-4.76607826	-4.765816834
0.37	-4.777812799	-4.768943791	-4.766728361	-4.765829177	-4.765590037
0.38	-4.775469377	-4.76739733	-4.765688776	-4.764890769	-4.764665521
0.39	-4.772713696	-4.765784239	-4.764103099	-4.763446908	-4.763233812
0.4	-4.769903707	-4.764107677	-4.762174517	-4.761604008	-4.761430951
0.41	-4.767042331	-4.762233649	-4.759970181	-4.759496581	-4.759335862
0.42	-4.764132313	-4.759730739	-4.757556097	-4.757188852	-4.757027835
0.43	-4.761176233	-4.756920653	-4.755085886	-4.754701639	-4.754551731
0.44	-4.758176519	-4.754058847	-4.752563519	-4.752043456	-4.751940167
0.45	-4.755135457	-4.75114802	-4.749892483	-4.749324309	-4.749223663
0.46	-4.752055201	-4.748190717	-4.746980748	-4.746510355	-4.746412984
0.47	-4.748937781	-4.745189337	-4.744022598	-4.743650463	-4.743514416
0.48	-4.745785111	-4.742146147	-4.741020402	-4.740693341	-4.740565429
0.49	-4.742599	-4.739063287	-4.737976401	-4.737661711	-4.737560985
0.5	-4.739381153	-4.735942777	-4.734892712	-4.734589825	-4.734502415
0.51	-4.736133183	-4.732786531	-4.731771338	-4.731479708	-4.731395585
0.52	-4.732856611	-4.729596357	-4.728614176	-4.728333276	-4.728252307
0.53	-4.729552879	-4.726373967	-4.72542302	-4.725152343	-4.725074398
0.54	-4.726223348	-4.723120981	-4.722199573	-4.721938629	-4.721863583
0.55	-4.722869305	-4.719838934	-4.718945445	-4.718693763	-4.718621496
0.56	-4.719491969	-4.716529279	-4.715662166	-4.715419292	-4.715349685
0.57	-4.716092495	-4.713193394	-4.712351183	-4.712116681	-4.712049621
0.58	-4.712671974	-4.709832586	-4.709013873	-4.708787322	-4.7087227
0.59	-4.70923144	-4.706448092	-4.705651538	-4.705432536	-4.705370244
0.6	-4.705771875	-4.703041086	-4.702265416	-4.702053574	-4.70199351
0.61	-4.702294205	-4.699612681	-4.698856682	-4.698651627	-4.698593691
0.62	-4.698799311	-4.696163933	-4.695426449	-4.695227824	-4.695171921
0.63	-4.695288026	-4.692695844	-4.691975777	-4.691783239	-4.691729276
0.64	-4.691761141	-4.689209365	-4.68850567	-4.688318889	-4.688266777
0.65	-4.688219406	-4.685705398	-4.685017081	-4.684835743	-4.684785395
0.66	-4.684663531	-4.682184798	-4.681510918	-4.68133472	-4.681286052
0.67	-4.68109419	-4.678648379	-4.67798804	-4.677816694	-4.677769626
0.68	-4.677512024	-4.67509691	-4.674449264	-4.674282493	-4.674236948
0.69	-4.673917638	-4.671531125	-4.670895366	-4.670732907	-4.67068881
0.7	-4.670311608	-4.667951718	-4.667327084	-4.667168684	-4.667125963
0.71	-4.666694482	-4.66435935	-4.663745117	-4.663590535	-4.663549121
0.72	-4.663066777	-4.660754645	-4.660150131	-4.659999137	-4.659958963
0.73	-4.659428986	-4.657138199	-4.656542757	-4.656395132	-4.656356135
0.74	-4.655781577	-4.653510577	-4.652923596	-4.652779131	-4.652741248
0.75	-4.652124994	-4.649872315	-4.649293217	-4.649151712	-4.649114886
0.76	-4.648459657	-4.646223922	-4.645652161	-4.645513429	-4.645477601
0.77	-4.644785969	-4.642565882	-4.642000944	-4.641864803	-4.641829921
0.78	-4.641104309	-4.638898653	-4.638340053	-4.638206334	-4.638172343
0.79	-4.637415038	-4.635222673	-4.634669953	-4.634538492	-4.634505345
0.8	-4.633718501	-4.631538355	-4.630991085	-4.630861728	-4.630829375
0.81	-4.630015023	-4.627846093	-4.627303867	-4.627176469	-4.627144865
0.82	-4.626304915	-4.62414626	-4.623608698	-4.62348312	-4.62345222
0.83	-4.622588472	-4.620439212	-4.619905955	-4.619782066	-4.619751829
0.84	-4.618865974	-4.616725286	-4.616195999	-4.616073673	-4.61604406
0.85	-4.615137688	-4.613004803	-4.612479169	-4.61235829	-4.612329261
0.86	-4.611403867	-4.609278066	-4.60875579	-4.608636246	-4.608607766
0.87	-4.607664753	-4.605545366	-4.605026169	-4.604907857	-4.604879889
0.88	-4.603920576	-4.601806976	-4.601290601	-4.60117342	-4.601145932
0.89	-4.600171553	-4.598063159	-4.597549362	-4.597433219	-4.59740618
0.9	-4.596417892	-4.594314162	-4.593802716	-4.593687524	-4.593660903
0.91	-4.592659792	-4.590560221	-4.590050915	-4.589936591	-4.589910359
0.92	-4.58889744	-4.586801561	-4.586294197	-4.586180663	-4.586154792
0.93	-4.585131016	-4.583038395	-4.582532789	-4.582419971	-4.582394436
0.94	-4.58136069	-4.579270925	-4.578766905	-4.578654736	-4.578629511
0.95	-4.577586626	-4.575499344	-4.574996752	-4.574885166	-4.574860228
0.96	-4.573808977	-4.571723835	-4.571222522	-4.571111459	-4.571086787
0.97	-4.570027891	-4.567944573	-4.567444402	-4.567333805	-4.567309376
0.98	-4.566243509	-4.564161723	-4.563662566	-4.563552382	-4.563528177
0.99	-4.562455965	-4.560375442	-4.559877182	-4.559767362	-4.559743361
1	-4.558665387	-4.55658588	-4.556088409	-4.555978906	-4.555955092
